-100
206
-1126
-105
-226
308
649
-99
-410
-309
-708
-307
200
205
-100
100
523
-335
-3
-219
2
-310
191
103
-607
2
836
517
423
411
218
-104
33
319
-414
104
-500
207
-119
102
416
-313
183
312
6
413
-1436
-214
915
305
748
197
-108
-86
-397
309
-833
-98
-404
104
-930
91
-415
-106
301
12
-607
98
-89
405
-313
205
-203
399
-626
2
-299
0
927
-201
97
0
719
-3
413
-306
111
105
615
97
835
-100
2
-307
-96
311
510
112
209
-96
736
202
-504
103
629
-206
406
-104
99
3
-92
-202
-212
-314
-213
207
-308
-205
107
-214
-120
90
-718
-320
-77
-99
411
-5
205
307
611
410
-404
-324
-189
196
-400
198
10
-409
-931
210
419
12
616
-218
530
-209
600
191
-515
-107
407
416
329
-205
5
5
519
-102
713
-106
424
1
303
-95
-213
-2
-2
14
306
-310
-284
-106
-405
220
2
406
-209
-197
397
309
-202
-5
-411
218
5
102
193
1
-198
-14
-719
103
-107
-206
415
-4
519
211
1
-209
-606
115
419
212
422
-201
204
-309
823
210
719
-414
-18
-414
519
312
116
-100
-6
-107
-511
-1
-121
-205
616
-4
-413
103
221
-10
626
2
95
105
-207
-208
623
-12
412
202
93
430
83
103
99
308
314
-227
-216
-101
510
305
521
-102
114
-102
-22
105
-94
-2
220
527
-90
105
-517
101
731
-127
-102
-6
600
100
501
534
711
83
-319
111
-1132
-101
699
-310
198
321
-1
112
-96
211
741
113
422
-1
-820
3
721
19
510
306
309
-100
220
-404
-295
-308
-5
112
405
-311
406
0
191
-85
1124
-103
296
-1
-413
-117
205
98
311
100
410
-203
-408
103
110
-207
931
1
-924
-14
-203
328
-502
-308
1318
-108
-298
113
-426
14
-506
-203
324
0
-212
-114
-102
104
-100
0
-524
111
525
-207
815
-108
422
211
-420
-100
434
-216
-934
-200
-99
-201
730
0
821
100
323
206
605
-209
916
-97
-610
415
1128
-317
-210
-307
312
91
188
8
97
4
513
-308
119
-316
512
-8
12
-99
-718
-203
121
515
99
-95
-812
316
501
-85
-288
-216
113
114
413
-16
-309
-16
98
-5
-1124
304
-192
-205
205
207
98
-5
316
105
93
198
-94
104
2
-103
93
104
-107
3
218
-209
-434
-216
310
-16
-202
-103
103
105
-407
415
202
12
499
320
-401
-216
-311
90
-209
13
612
-529
1237
220
205
-104
14
515
738
-203
306
-101
319
-401
115
-300
733
427
929
197
-518
-518
707
1
-3
17
-820
423
-20
314
802
4
198
-320
820
192
-91
-101
622
221
116
-509
3
-100
79
-307
-402
201
-235
-211
391
308
-503
-112
199
326
-295
-208
85
-207
206
-208
-935
11
721
-11
320
222
-202
-202
424
-204
5
101
-2
0
-414
-111
-1
108
-1148
4
-112
-8
501
410
-296
-523
420
185
416
103
-105
8
85
-217
616
-1
-922
1
-194
-101
608
2
720
23
-519
-207
-1
-109
-20
310
-103
-210
5
-7
-623
409
-314
-206
-85
-105
-118
-208
291
6
822
324
-731
-117
331
-412
830
-205
-183
-206
-414
-311
425
207
-703
-306
93
307
-118
311
112
0
-937
-104
0
207
307
296
205
-115
422
91
512
-2
-219
-309
222
202
-196
-205
83
11
101
14
-1242
4
-7
206
-834
-92
607
407
-7
203
216
-405
-931
106
106
212
121
-4
-197
-106
-934
9
631
312
-4
413
228
0
-1033
206
-100
-112
195
-204
815
-100
-191
-1
-118
-529
-518
-308
102
-102
293
-309
-398
5
714
101
-411
-111
322
-310
-103
208
-99
-107
105
11
-87
116
-414
-3
203
411
515
-419
-515
-221
122
5
-634
514
338
-203
513
-424
509
-311
136
202
205
-1
315
-410
-208
95
315
2
610
-423
-615
515
300
209
110
-234
-216
-93
114
209
-118
-129
-932
13
-99
312
109
-15
3
208
804
12
185
106
-431
1
820
320
1214
-105
-106
-311
505
-213
605
117
-406
91
304
205
-720
427
300
100
-5
-306
-92
-316
533
537
-611
195
-195
-104
101
-106
-615
103
703
-416
96
103
-8
-210
620
-326
109
305
-728
-208
606
94
-120
-320
-689
413
196
-321
100
-201
723
13
211
-102
516
-101
-933
-115
-718
-295
-103
203
831
-203
-311
309
-440
222
-510
-296
-727
99
808
-295
411
410
611
-3
289
208
-10
-113
3
-2
108
-98
828
-199
102
101
-415
-207
323
-107
711
-206
-396
-102
-196
-19
-206
103
106
-91
517
411
289
-5
84
-227
419
202
-307
-102
-315
-418
414
105
302
207
-199
13
792
105
-813
14
706
-207
-608
-305
303
1
218
-410
214
314
310
218
-195
-309
429
104
917
439
-813
4
615
308
-188
218
424
-90
-108
302
-266
113
306
-311
612
208
-320
206
-844
219
197
-411
934
-525
-922
205
-190
306
-728
3
123
97
1137
202
-106
0
512
208
217
-99
-304
-95
121
-315
320
-409
921
-317
-217
189
3
-416
-723
-205
831
-217
-493
-1
815
210
503
117
-1
-204
-115
-217
533
-207
100
314
-356
320
-112
77
-524
210
309
207
205
-302
104
-105
403
-104
-224
113
416
210
97
207
628
4
109
-102
101
0
107
100
-1122
-8
204
206

